


y = sqrt(x) / (4 - x*x);

n = 05 --> 1.8466024116e-01
n = 10 --> 1.8669581521e-01
n = 20 --> 1.8751531896e-01


y = 1/ (1 + 25*x*x); 

n = 05 --> 4.9538461538e-01
n = 10 --> 5.5122171946e-01
n = 20 --> 5.4924163249e-01

